0
10
1000
11
118
119
12
120
121
124
128
132
136
137
138
140
141
144
147
150
153
156
158
16
160
162
163
168
17
172
173
176
18
181
182
184
185
186
188
19
190
191
2
20
207
208
21
211
213
219
221
225
227
228
229
23
231
233
235
237
240
244
246
249
252
258
260
264
266
268
27
270
272
28
283
285
289
29
293
295
296
3
30
300
310
314
316
322
327
329
33
330
34
342
348
349
35
350
353
355
359
36
361
367
368
37
371
373
38
381
387
388
389
398
399
40
403
408
41
410
413
419
42
425
43
430
431
432
441
442
444
445
446
448
449
451
452
453
455
456
457
458
459
460
461
462
464
465
466
467
468
469
470
471
474
475
478
479
48
480
481
482
483
487
488
490
493
495
496
500
502
509
512
513
514
516
517
519
520
521
522
526
528
529
530
532
533
534
536
537
538
545
546
549
55
551
552
556
557
558
562
563
566
568
569
570
572
574
576
578
579
581
582
583
584
586
587
588
589
59
590
591
592
593
594
595
597
6
603
604
63
64
65
69
7
73
74
75
76
8
83
87
91
92
