0 0.21333333333333335 0.1044776119402985 0.26 0.11940298507462686
3 0.7975000000000001 0.2931769722814499 0.24833333333333335 0.11727078891257996
1 0.21250000000000002 0.2931769722814499 0.24833333333333335 0.10874200426439232
2 0.21333333333333335 0.47547974413646055 0.24333333333333335 0.11940298507462686
0 0.7933333333333333 0.47547974413646055 0.25 0.12366737739872068
1 0.7925000000000001 0.6535181236673774 0.2516666666666667 0.11300639658848614
3 0.21416666666666667 0.6599147121535182 0.24833333333333335 0.1257995735607676
1 0.5041666666666667 0.835820895522388 0.2516666666666667 0.12366737739872068
0 0.21250000000000002 0.8336886993603412 0.24833333333333335 0.12366737739872068
3 0.8 0.8454157782515991 0.27666666666666667 0.10874200426439232
