0 0.20872142252328535 0.2273497036409822 0.2497883149872989 0.08890770533446232
1 0.49872988992379336 0.22692633361558 0.2472480948348857 0.08806096528365791
2 0.7887383573243014 0.22946655376799321 0.2464013547840813 0.08975444538526672
3 0.20660457239627433 0.3594411515664691 0.24386113463166806 0.0872142252328535
0 0.5012701100762066 0.35774767146486025 0.2489415749364945 0.09229466553767993
1 0.7904318374259102 0.35817104149026247 0.2480948348856901 0.09314140558848433
3 0.20872142252328535 0.4860287891617273 0.2464013547840813 0.08975444538526672
0 0.5025402201524132 0.4860287891617273 0.2514817950889077 0.0863674851820491
1 0.7891617273497036 0.48687552921253174 0.2489415749364945 0.08806096528365791
3 0.20745131244707873 0.6206604572396274 0.2455546147332769 0.09144792548687553
