0 0.21333333333333335 0.1044776119402985 0.26666666666666666 0.11940298507462686
1 0.21166666666666667 0.2942430703624733 0.26 0.11513859275053305
3 0.7933333333333333 0.2921108742004264 0.25333333333333335 0.11513859275053305
2 0.21500000000000002 0.47441364605543707 0.25 0.1257995735607676
0 0.7916666666666667 0.47547974413646055 0.25333333333333335 0.12366737739872068
1 0.7933333333333333 0.6556503198294243 0.25333333333333335 0.11727078891257996
3 0.21333333333333335 0.6599147121535182 0.25333333333333335 0.1257995735607676
0 0.21333333333333335 0.8336886993603412 0.25 0.12366737739872068
1 0.5058333333333334 0.8368869936034115 0.24833333333333335 0.11727078891257996
3 0.7983333333333333 0.8400852878464818 0.27 0.10660980810234541
