0 0.21583333333333335 0.10767590618336886 0.25833333333333336 0.11727078891257996
1 0.21083333333333334 0.2953091684434968 0.255 0.10874200426439232
3 0.7941666666666667 0.2942430703624733 0.2516666666666667 0.11940298507462686
0 0.7925000000000001 0.47547974413646055 0.24833333333333335 0.11940298507462686
2 0.21583333333333335 0.47441364605543707 0.255 0.1257995735607676
3 0.21416666666666667 0.6577825159914712 0.24833333333333335 0.11727078891257996
1 0.7925000000000001 0.6556503198294243 0.2516666666666667 0.12153518123667377
0 0.21333333333333335 0.835820895522388 0.24666666666666667 0.11513859275053305
1 0.5033333333333334 0.837953091684435 0.25 0.12366737739872068
3 0.8008333333333334 0.8411513859275053 0.265 0.10874200426439232
