0 0.21333333333333335 0.10554371002132196 0.26333333333333336 0.1300639658848614
1 0.21333333333333335 0.2921108742004264 0.26333333333333336 0.12366737739872068
2 0.21583333333333335 0.47761194029850745 0.2516666666666667 0.11940298507462686
0 0.7916666666666667 0.47761194029850745 0.25 0.13219616204690832
1 0.7916666666666667 0.6567164179104478 0.2566666666666667 0.1279317697228145
3 0.21166666666666667 0.6588486140724946 0.25333333333333335 0.11940298507462686
0 0.21166666666666667 0.837953091684435 0.26 0.12366737739872068
1 0.505 0.8368869936034115 0.25 0.1300639658848614
3 0.7975000000000001 0.8411513859275053 0.2783333333333334 0.10874200426439232
3 0.795 0.2974413646055437 0.25333333333333335 0.12153518123667377
