0 0.10250000000000001 0.07142857142857142 0.18833333333333335 0.11746031746031746
1 0.36750000000000005 0.06825396825396825 0.18166666666666667 0.11746031746031746
2 0.6333333333333334 0.06666666666666667 0.18333333333333335 0.12063492063492064
2 0.8883333333333334 0.06825396825396825 0.16666666666666669 0.10476190476190476
0 0.8925000000000001 0.27936507936507937 0.16166666666666668 0.10793650793650794
2 0.635 0.27936507936507937 0.17 0.10158730158730159
1 0.36833333333333335 0.28095238095238095 0.17666666666666667 0.10476190476190476
0 0.1 0.2746031746031746 0.17333333333333334 0.1111111111111111
0 0.10083333333333334 0.49206349206349204 0.17833333333333334 0.11428571428571428
1 0.36333333333333334 0.49523809523809526 0.17666666666666667 0.11428571428571428
2 0.3666666666666667 0.9063492063492063 0.19 0.11746031746031746
2 0.3641666666666667 0.7 0.18500000000000003 0.1111111111111111
